-1.131141208
-437.769089087,-134.731027287,-348.539129422,137.3996651,234.322858887,-314.398227658,-203.64651997,-122.152960469,
-1.131141208
-437.769089087,-134.731027287,-348.539129422,137.3996651,234.322858887,-314.398227658,-203.64651997,-122.152960469,
-1.13114100491
-436.769089087,-134.731027287,-348.539129422,137.3996651,234.322858887,-314.398227658,-203.64651997,-122.152960469,
-1.13114067629
-435.151055087,-134.731027287,-348.539129422,137.3996651,234.322858887,-314.398227658,-203.64651997,-122.152960469,
-1.13114014452
-432.533021062,-134.731027287,-348.539129422,137.3996651,234.322858887,-314.398227658,-203.64651997,-122.152960469,
-1.13113928407
-428.296952996,-134.731027287,-348.539129422,137.3996651,234.322858887,-314.398227658,-203.64651997,-122.152960469,
-1.13113788771
-421.442850839,-134.731027287,-348.539129422,137.3996651,234.322858887,-314.398227658,-203.64651997,-122.152960469,
-1.13113562411
-410.35268051,-134.731027287,-348.539129422,137.3996651,234.322858887,-314.398227658,-203.64651997,-122.152960469,
-1.13113196973
-392.408407851,-134.731027287,-348.539129422,137.3996651,234.322858887,-314.398227658,-203.64651997,-122.152960469,
-1.13074037468
1563.51731194,-134.731027287,-348.539129422,137.3996651,234.322858887,-314.398227658,-203.64651997,-122.152960469,
-1.12218678432
57989.4484042,-134.731027287,-348.539129422,137.3996651,234.322858887,-314.398227658,-203.64651997,-122.152960469,
-1.1150592867
149288.523393,-134.731027287,-348.539129422,137.3996651,234.322858887,-314.398227658,-203.64651997,-122.152960469,
-1.11461903819
182067.980308,-134.731027287,-348.539129422,137.3996651,234.322858887,-314.398227658,-203.64651997,-122.152960469,
-1.11704370908
235106.256099,-134.731027287,-348.539129422,137.3996651,234.322858887,-314.398227658,-203.64651997,-122.152960469,
-1.11461903819
182067.980308,-134.731027287,-348.539129422,137.3996651,234.322858887,-314.398227658,-203.64651997,-122.152960469,
-1.11523861356
202326.798359,-134.731027287,-348.539129422,137.3996651,234.322858887,-314.398227658,-203.64651997,-122.152960469,
-1.11467604964
169547.342268,-134.731027287,-348.539129422,137.3996651,234.322858887,-314.398227658,-203.64651997,-122.152960469,
-1.11461831793
177931.640156,-134.731027287,-348.539129422,137.3996651,234.322858887,-314.398227658,-203.64651997,-122.152960469,
-1.11462946408
176147.946063,-134.731027287,-348.539129422,137.3996651,234.322858887,-314.398227658,-203.64651997,-122.152960469,
-1.11461975262
179715.334248,-134.731027287,-348.539129422,137.3996651,234.322858887,-314.398227658,-203.64651997,-122.152960469,
-1.11461831793
177931.640156,-134.731027287,-348.539129422,137.3996651,234.322858887,-314.398227658,-203.64651997,-122.152960469,
-1.11461849349
177931.640156,-133.731027287,-348.539129422,137.3996651,234.322858887,-314.398227658,-203.64651997,-122.152960469,
-1.11461803385
177931.640156,-136.349061287,-348.539129422,137.3996651,234.322858887,-314.398227658,-203.64651997,-122.152960469,
-1.11461757421
177931.640156,-138.967095313,-348.539129422,137.3996651,234.322858887,-314.398227658,-203.64651997,-122.152960469,
-1.1146168305
177931.640156,-143.203163378,-348.539129422,137.3996651,234.322858887,-314.398227658,-203.64651997,-122.152960469,
-1.11461562713
177931.640156,-150.057265535,-348.539129422,137.3996651,234.322858887,-314.398227658,-203.64651997,-122.152960469,
-1.11461368003
177931.640156,-161.147435865,-348.539129422,137.3996651,234.322858887,-314.398227658,-203.64651997,-122.152960469,
-1.11461052949
177931.640156,-179.091708523,-348.539129422,137.3996651,234.322858887,-314.398227658,-203.64651997,-122.152960469,
-1.11460542397
177931.640156,-208.12615179,-348.539129422,137.3996651,234.322858887,-314.398227658,-203.64651997,-122.152960469,
-1.1145971673
177931.640156,-255.104868167,-348.539129422,137.3996651,234.322858887,-314.398227658,-203.64651997,-122.152960469,
-1.11370009032
177931.640156,-5375.78495325,-348.539129422,137.3996651,234.322858887,-314.398227658,-203.64651997,-122.152960469,
-1.1237801332
177931.640156,-563529.914227,-348.539129422,137.3996651,234.322858887,-314.398227658,-203.64651997,-122.152960469,
-1.11370009032
177931.640156,-5375.78495325,-348.539129422,137.3996651,234.322858887,-314.398227658,-203.64651997,-122.152960469,
-1.09751440977
177931.640156,-218571.685095,-348.539129422,137.3996651,234.322858887,-314.398227658,-203.64651997,-122.152960469,
-1.10456110157
177931.640156,-350334.000044,-348.539129422,137.3996651,234.322858887,-314.398227658,-203.64651997,-122.152960469,
-1.09744632443
177931.640156,-213167.937382,-348.539129422,137.3996651,234.322858887,-314.398227658,-203.64651997,-122.152960469,
-1.09758342103
177931.640156,-194732.140744,-348.539129422,137.3996651,234.322858887,-314.398227658,-203.64651997,-122.152960469,
-1.09743719407
177931.640156,-206126.089883,-348.539129422,137.3996651,234.322858887,-314.398227658,-203.64651997,-122.152960469,
-1.09743699794
177931.640156,-208933.190141,-348.539129422,137.3996651,234.322858887,-314.398227658,-203.64651997,-122.152960469,
-1.09744047842
177931.640156,-211021.174732,-348.539129422,137.3996651,234.322858887,-314.398227658,-203.64651997,-122.152960469,
-1.09743699794
177931.640156,-208933.190141,-348.539129422,137.3996651,234.322858887,-314.398227658,-203.64651997,-122.152960469,
-1.09743660937
177931.640156,-208933.190141,-347.539129422,137.3996651,234.322858887,-314.398227658,-203.64651997,-122.152960469,
-1.09743598063
177931.640156,-208933.190141,-345.921095422,137.3996651,234.322858887,-314.398227658,-203.64651997,-122.152960469,
-1.09743496332
177931.640156,-208933.190141,-343.303061397,137.3996651,234.322858887,-314.398227658,-203.64651997,-122.152960469,
-1.09743331739
177931.640156,-208933.190141,-339.066993331,137.3996651,234.322858887,-314.398227658,-203.64651997,-122.152960469,
-1.09725368201
177931.640156,-208933.190141,122.664425848,137.3996651,234.322858887,-314.398227658,-203.64651997,-122.152960469,
-1.09696458569
177931.640156,-208933.190141,869.761560947,137.3996651,234.322858887,-314.398227658,-203.64651997,-122.152960469,
-1.06769405659
177931.640156,-208933.190141,82303.3492868,137.3996651,234.322858887,-314.398227658,-203.64651997,-122.152960469,
-1.00438039394
177931.640156,-208933.190141,578289.90156,137.3996651,234.322858887,-314.398227658,-203.64651997,-122.152960469,
-1.06187777587
177931.640156,-208933.190141,1380813.00668,137.3996651,234.322858887,-314.398227658,-203.64651997,-122.152960469,
-1.00438039394
177931.640156,-208933.190141,578289.90156,137.3996651,234.322858887,-314.398227658,-203.64651997,-122.152960469,
-1.01448329132
177931.640156,-208933.190141,884826.441931,137.3996651,234.322858887,-314.398227658,-203.64651997,-122.152960469,
-1.01361745451
177931.640156,-208933.190141,388839.902135,137.3996651,234.322858887,-314.398227658,-203.64651997,-122.152960469,
-1.00486130664
177931.640156,-208933.190141,631535.29588,137.3996651,234.322858887,-314.398227658,-203.64651997,-122.152960469,
-1.0044596391
177931.640156,-208933.190141,585946.908331,137.3996651,234.322858887,-314.398227658,-203.64651997,-122.152960469,
-1.00490158763
177931.640156,-208933.190141,505926.44308,137.3996651,234.322858887,-314.398227658,-203.64651997,-122.152960469,
-1.00423888933
177931.640156,-208933.190141,550649.520778,137.3996651,234.322858887,-314.398227658,-203.64651997,-122.152960469,
-1.00426252924
177931.640156,-208933.190141,545139.540179,137.3996651,234.322858887,-314.398227658,-203.64651997,-122.152960469,
-1.00422813374
177931.640156,-208933.190141,556159.501378,137.3996651,234.322858887,-314.398227658,-203.64651997,-122.152960469,
-1.00428373037
177931.640156,-208933.190141,564612.561814,137.3996651,234.322858887,-314.398227658,-203.64651997,-122.152960469,
-1.00422813374
177931.640156,-208933.190141,556159.501378,137.3996651,234.322858887,-314.398227658,-203.64651997,-122.152960469,
-1.00422848399
177931.640156,-208933.190141,556159.501378,138.3996651,234.322858887,-314.398227658,-203.64651997,-122.152960469,
-1.00422756702
177931.640156,-208933.190141,556159.501378,135.7816311,234.322858887,-314.398227658,-203.64651997,-122.152960469,
-1.00416578957
177931.640156,-208933.190141,556159.501378,-40.5840749002,234.322858887,-314.398227658,-203.64651997,-122.152960469,
-1.00406585372
177931.640156,-208933.190141,556159.501378,-325.949783642,234.322858887,-314.398227658,-203.64651997,-122.152960469,
-0.993298004857
177931.640156,-208933.190141,556159.501378,-31430.8120365,234.322858887,-314.398227658,-203.64651997,-122.152960469,
-0.605039426952
177931.640156,-208933.190141,556159.501378,-1366181.48174,234.322858887,-314.398227658,-203.64651997,-122.152960469,
-0.274594440727
177931.640156,-208933.190141,556159.501378,-3525853.44685,234.322858887,-314.398227658,-203.64651997,-122.152960469,
-0.188643053785
177931.640156,-208933.190141,556159.501378,-4384950.42842,234.322858887,-314.398227658,-203.64651997,-122.152960469,
-0.078748007779
177931.640156,-208933.190141,556159.501378,-5774998.55389,234.322858887,-314.398227658,-203.64651997,-122.152960469,
0.0918695620797
177931.640156,-208933.190141,556159.501378,-9315640.218,234.322858887,-314.398227658,-203.64651997,-122.152960469,
0.237055421961
177931.640156,-208933.190141,556159.501378,-15044518.8123,234.322858887,-314.398227658,-203.64651997,-122.152960469,
0.277901991368
177931.640156,-208933.190141,556159.501378,-17321475.4996,234.322858887,-314.398227658,-203.64651997,-122.152960469,
0.333297942506
177931.640156,-208933.190141,556159.501378,-21005668.8361,234.322858887,-314.398227658,-203.64651997,-122.152960469,
0.461500368435
177931.640156,-208933.190141,556159.501378,-34601524.6351,234.322858887,-314.398227658,-203.64651997,-122.152960469,
0.582275441764
177931.640156,-208933.190141,556159.501378,-56600081.577,234.322858887,-314.398227658,-203.64651997,-122.152960469,
0.630369511738
177931.640156,-208933.190141,556159.501378,-70403927.9206,234.322858887,-314.398227658,-203.64651997,-122.152960469,
0.680310143085
177931.640156,-208933.190141,556159.501378,-92739020.6353,234.322858887,-314.398227658,-203.64651997,-122.152960469,
0.710152339915
177931.640156,-208933.190141,556159.501378,-113942028.814,234.322858887,-314.398227658,-203.64651997,-122.152960469,
0.739553371774
177931.640156,-208933.190141,556159.501378,-148249216.948,234.322858887,-314.398227658,-203.64651997,-122.152960469,
0.754620970086
177931.640156,-208933.190141,556159.501378,-174306813.556,234.322858887,-314.398227658,-203.64651997,-122.152960469,
0.771884467356
177931.640156,-208933.190141,556159.501378,-216468890.825,234.322858887,-314.398227658,-203.64651997,-122.152960469,
0.788500996241
177931.640156,-208933.190141,556159.501378,-278134181.649,234.322858887,-314.398227658,-203.64651997,-122.152960469,
0.806986462008
177931.640156,-208933.190141,556159.501378,-377910718.822,234.322858887,-314.398227658,-203.64651997,-122.152960469,
0.820226823828
177931.640156,-208933.190141,556159.501378,-505647389.736,234.322858887,-314.398227658,-203.64651997,-122.152960469,
0.83113433113
177931.640156,-208933.190141,556159.501378,-712329666.32,234.322858887,-314.398227658,-203.64651997,-122.152960469,
0.833150793148
177931.640156,-208933.190141,556159.501378,-782425658.808,234.322858887,-314.398227658,-203.64651997,-122.152960469,
0.835489644712
177931.640156,-208933.190141,556159.501378,-895843357.918,234.322858887,-314.398227658,-203.64651997,-122.152960469,
0.83777376521
177931.640156,-208933.190141,556159.501378,-1071428768.42,234.322858887,-314.398227658,-203.64651997,-122.152960469,
0.840134605913
177931.640156,-208933.190141,556159.501378,-1355531932.51,234.322858887,-314.398227658,-203.64651997,-122.152960469,
0.841110217167
177931.640156,-208933.190141,556159.501378,-1619958660.41,234.322858887,-314.398227658,-203.64651997,-122.152960469,
0.841369014269
177931.640156,-208933.190141,556159.501378,-2047810096.66,234.322858887,-314.398227658,-203.64651997,-122.152960469,
0.841501242404
177931.640156,-208933.190141,556159.501378,-1901759422.48,234.322858887,-314.398227658,-203.64651997,-122.152960469,
0.841501242404
177931.640156,-208933.190141,556159.501378,-1901759422.48,234.322858887,-314.398227658,-203.64651997,-122.152960469,
0.8415541072
177931.640156,-208933.190141,556159.501378,-1794121112.59,234.322858887,-314.398227658,-203.64651997,-122.152960469,
0.841390744488
177931.640156,-208933.190141,556159.501378,-1727596977.38,234.322858887,-314.398227658,-203.64651997,-122.152960469,
0.841561362082
177931.640156,-208933.190141,556159.501378,-1833426841.91,234.322858887,-314.398227658,-203.64651997,-122.152960469,
0.841545140407
177931.640156,-208933.190141,556159.501378,-1851761111.7,234.322858887,-314.398227658,-203.64651997,-122.152960469,
0.841578112998
177931.640156,-208933.190141,556159.501378,-1815092572.12,234.322858887,-314.398227658,-203.64651997,-122.152960469,
0.841578112998
177931.640156,-208933.190141,556159.501378,-1815092572.12,234.322858887,-314.398227658,-203.64651997,-122.152960469,
0.841583542475
177931.640156,-208933.190141,556159.501378,-1815092572.12,235.322858887,-314.398227658,-203.64651997,-122.152960469,
0.841592284699
177931.640156,-208933.190141,556159.501378,-1815092572.12,236.940892887,-314.398227658,-203.64651997,-122.152960469,
0.838146502426
177931.640156,-208933.190141,556159.501378,-1815092572.12,413.306598887,-314.398227658,-203.64651997,-122.152960469,
0.841592284699
177931.640156,-208933.190141,556159.501378,-1815092572.12,236.940892887,-314.398227658,-203.64651997,-122.152960469,
0.840413206161
177931.640156,-208933.190141,556159.501378,-1815092572.12,304.306596145,-314.398227658,-203.64651997,-122.152960469,
0.841233849711
177931.640156,-208933.190141,556159.501378,-1815092572.12,262.672301097,-314.398227658,-203.64651997,-122.152960469,
0.841543236298
177931.640156,-208933.190141,556159.501378,-1815092572.12,246.769415955,-314.398227658,-203.64651997,-122.152960469,
0.841594800859
177931.640156,-208933.190141,556159.501378,-1815092572.12,237.416291014,-314.398227658,-203.64651997,-122.152960469,
0.841599387703
177931.640156,-208933.190141,556159.501378,-1815092572.12,239.585619499,-314.398227658,-203.64651997,-122.152960469,
0.841599571487
177931.640156,-208933.190141,556159.501378,-1815092572.12,239.380665563,-314.398227658,-203.64651997,-122.152960469,
0.841599741132
177931.640156,-208933.190141,556159.501378,-1815092572.12,239.190647698,-314.398227658,-203.64651997,-122.152960469,
0.841600340368
177931.640156,-208933.190141,556159.501378,-1815092572.12,238.512903773,-314.398227658,-203.64651997,-122.152960469,
0.841598325763
177931.640156,-208933.190141,556159.501378,-1815092572.12,238.094034984,-314.398227658,-203.64651997,-122.152960469,
0.841600112557
177931.640156,-208933.190141,556159.501378,-1815092572.12,238.771778909,-314.398227658,-203.64651997,-122.152960469,
0.841599669706
177931.640156,-208933.190141,556159.501378,-1815092572.12,238.352910137,-314.398227658,-203.64651997,-122.152960469,
0.841600253509
177931.640156,-208933.190141,556159.501378,-1815092572.12,238.611785273,-314.398227658,-203.64651997,-122.152960469,
0.841600182689
177931.640156,-208933.190141,556159.501378,-1815092572.12,238.451791644,-314.398227658,-203.64651997,-122.152960469,
0.841600303586
177931.640156,-208933.190141,556159.501378,-1815092572.12,238.554804222,-314.398227658,-203.64651997,-122.152960469,
0.841600340368
177931.640156,-208933.190141,556159.501378,-1815092572.12,238.512903773,-314.398227658,-203.64651997,-122.152960469,
0.841601981093
177931.640156,-208933.190141,556159.501378,-1815092572.12,238.512903773,-313.398227658,-203.64651997,-122.152960469,
0.841604481206
177931.640156,-208933.190141,556159.501378,-1815092572.12,238.512903773,-311.780193658,-203.64651997,-122.152960469,
0.841509891719
177931.640156,-208933.190141,556159.501378,-1815092572.12,238.512903773,-291.42535911,-203.64651997,-122.152960469,
0.841604481206
177931.640156,-208933.190141,556159.501378,-1815092572.12,238.512903773,-311.780193658,-203.64651997,-122.152960469,
0.841616013594
177931.640156,-208933.190141,556159.501378,-1815092572.12,238.512903773,-304.005338925,-203.64651997,-122.152960469,
0.84157725994
177931.640156,-208933.190141,556159.501378,-1815092572.12,238.512903773,-299.200214355,-203.64651997,-122.152960469,
0.841611790076
177931.640156,-208933.190141,556159.501378,-1815092572.12,238.512903773,-306.91564591,-203.64651997,-122.152960469,
0.841602902519
177931.640156,-208933.190141,556159.501378,-1815092572.12,238.512903773,-302.169944714,-203.64651997,-122.152960469,
0.841614413546
177931.640156,-208933.190141,556159.501378,-1815092572.12,238.512903773,-305.116977243,-203.64651997,-122.152960469,
0.841612711256
177931.640156,-208933.190141,556159.501378,-1815092572.12,238.512903773,-303.30428074,-203.64651997,-122.152960469,
0.841615520643
177931.640156,-208933.190141,556159.501378,-1815092572.12,238.512903773,-304.349029601,-203.64651997,-122.152960469,
0.841616396524
177931.640156,-208933.190141,556159.501378,-1815092572.12,238.512903773,-303.737558534,-203.64651997,-122.152960469,
0.841615024642
177931.640156,-208933.190141,556159.501378,-1815092572.12,238.512903773,-303.572061148,-203.64651997,-122.152960469,
0.841616244188
177931.640156,-208933.190141,556159.501378,-1815092572.12,238.512903773,-303.844165225,-203.64651997,-122.152960469,
0.841616396524
177931.640156,-208933.190141,556159.501378,-1815092572.12,238.512903773,-303.737558534,-203.64651997,-122.152960469,
0.84159750516
177931.640156,-208933.190141,556159.501378,-1815092572.12,238.512903773,-303.737558534,-202.64651997,-122.152960469,
0.84163048807
177931.640156,-208933.190141,556159.501378,-1815092572.12,238.512903773,-303.737558534,-205.26455397,-122.152960469,
0.841633189737
177931.640156,-208933.190141,556159.501378,-1815092572.12,238.512903773,-303.737558534,-205.575155335,-122.152960469,
0.84163755883
177931.640156,-208933.190141,556159.501378,-1815092572.12,238.512903773,-303.737558534,-206.077718904,-122.152960469,
0.841621342909
177931.640156,-208933.190141,556159.501378,-1815092572.12,238.512903773,-303.737558534,-260.857147883,-122.152960469,
0.84163755883
177931.640156,-208933.190141,556159.501378,-1815092572.12,238.512903773,-303.737558534,-206.077718904,-122.152960469,
0.841672165004
177931.640156,-208933.190141,556159.501378,-1815092572.12,238.512903773,-303.737558534,-227.001598273,-122.152960469,
0.841654931744
177931.640156,-208933.190141,556159.501378,-1815092572.12,238.512903773,-303.737558534,-239.933267136,-122.152960469,
0.841673757936
177931.640156,-208933.190141,556159.501378,-1815092572.12,238.512903773,-303.737558534,-225.914020347,-122.152960469,
0.841684589099
177931.640156,-208933.190141,556159.501378,-1815092572.12,238.512903773,-303.737558534,-218.33722763,-122.152960469,
0.841690894794
177931.640156,-208933.190141,556159.501378,-1815092572.12,238.512903773,-303.737558534,-213.65451212,-122.152960469,
0.841678132246
177931.640156,-208933.190141,556159.501378,-1815092572.12,238.512903773,-303.737558534,-210.760434722,-122.152960469,
0.841688979089
177931.640156,-208933.190141,556159.501378,-1815092572.12,238.512903773,-303.737558534,-215.109665211,-122.152960469,
0.841692418454
177931.640156,-208933.190141,556159.501378,-1815092572.12,238.512903773,-303.737558534,-212.549072952,-122.152960469,
0.841687674428
177931.640156,-208933.190141,556159.501378,-1815092572.12,238.512903773,-303.737558534,-211.865873962,-122.152960469,
0.841691821226
177931.640156,-208933.190141,556159.501378,-1815092572.12,238.512903773,-303.737558534,-212.971313129,-122.152960469,
0.841691315599
177931.640156,-208933.190141,556159.501378,-1815092572.12,238.512903773,-303.737558534,-212.288114167,-122.152960469,
0.84169224119
177931.640156,-208933.190141,556159.501378,-1815092572.12,238.512903773,-303.737558534,-212.674534035,-122.152960469,
0.841692559173
177931.640156,-208933.190141,556159.501378,-1815092572.12,238.512903773,-303.737558534,-212.449395569,-122.152960469,
0.841692559173
177931.640156,-208933.190141,556159.501378,-1815092572.12,238.512903773,-303.737558534,-212.449395569,-122.152960469,
0.841699841827
177931.640156,-208933.190141,556159.501378,-1815092572.12,238.512903773,-303.737558534,-212.449395569,-121.152960469,
0.841711624332
177931.640156,-208933.190141,556159.501378,-1815092572.12,238.512903773,-303.737558534,-212.449395569,-119.534926469,
0.842988708829
177931.640156,-208933.190141,556159.501378,-1815092572.12,238.512903773,-303.737558534,-212.449395569,56.8307795307,
0.626474307752
177931.640156,-208933.190141,556159.501378,-1815092572.12,238.512903773,-303.737558534,-212.449395569,15734.6493004,
0.842988708829
177931.640156,-208933.190141,556159.501378,-1815092572.12,238.512903773,-303.737558534,-212.449395569,56.8307795307,
0.822436090994
177931.640156,-208933.190141,556159.501378,-1815092572.12,238.512903773,-303.737558534,-212.449395569,6045.22440869,
0.854449142048
177931.640156,-208933.190141,556159.501378,-1815092572.12,238.512903773,-303.737558534,-212.449395569,2344.19354049,
0.854337390616
177931.640156,-208933.190141,556159.501378,-1815092572.12,238.512903773,-303.737558534,-212.449395569,2298.74065013,
0.855758693045
177931.640156,-208933.190141,556159.501378,-1815092572.12,238.512903773,-303.737558534,-212.449395569,3401.53057043,
0.845477359263
177931.640156,-208933.190141,556159.501378,-1815092572.12,238.512903773,-303.737558534,-212.449395569,4411.33173106,
0.855609257134
177931.640156,-208933.190141,556159.501378,-1815092572.12,238.512903773,-303.737558534,-212.449395569,3436.76740574,
0.856480663815
177931.640156,-208933.190141,556159.501378,-1815092572.12,238.512903773,-303.737558534,-212.449395569,2996.34125749,
0.856060689291
177931.640156,-208933.190141,556159.501378,-1815092572.12,238.512903773,-303.737558534,-212.449395569,2747.24300262,
0.856516203779
177931.640156,-208933.190141,556159.501378,-1815092572.12,238.512903773,-303.737558534,-212.449395569,3030.84375007,
0.856374795273
177931.640156,-208933.190141,556159.501378,-1815092572.12,238.512903773,-303.737558534,-212.449395569,3172.4335121,
0.856546384847
177931.640156,-208933.190141,556159.501378,-1815092572.12,238.512903773,-303.737558534,-212.449395569,3062.37371718,
0.856559119925
177931.640156,-208933.190141,556159.501378,-1815092572.12,238.512903773,-303.737558534,-212.449395569,3104.41281681,
0.856487108249
177931.640156,-208933.190141,556159.501378,-1815092572.12,238.512903773,-303.737558534,-212.449395569,3136.67847458,
0.856520745855
356301.0494,-417731.649255,1112667.54188,-3630185281.64,242.702948659,-293.07688941,-221.252271168,6330.97859408,
0.856559119925
177931.640156,-208933.190141,556159.501378,-1815092572.12,238.512903773,-303.737558534,-212.449395569,3104.41281681,
0.856520745855
356301.0494,-417731.649255,1112667.54188,-3630185281.64,242.702948659,-293.07688941,-221.252271168,6330.97859408,
-6.83864858119
-110676.128562,128909.815853,-344289.429436,1121789145.03,231.733268685,-320.986883639,-198.206043553,-2116.28031406,
0.856559119925
177931.640156,-208933.190141,556159.501378,-1815092572.12,238.512903773,-303.737558534,-212.449395569,3104.41281681,
0.845580602322
67693.2851695,-79888.6485137,212218.62507,-693303610.145,235.923313677,-310.326214247,-207.008919373,1110.28554438,
0.856868880343
246062.689927,-288687.102375,768726.651578,-2508396274.0,240.113358458,-299.665545392,-215.81179475,4336.85124049,
0.856734514645
216263.490104,-253804.287927,675753.90265,-2205158680.87,239.413350618,-301.446564967,-214.341146559,3797.80657613,
0.856531547367
288169.995142,-337977.731768,900100.377685,-2936881534.09,241.102493868,-297.148902821,-217.889871765,5098.54008923,
0.856739838775
262146.248871,-307514.446922,818906.948244,-2672063074.86,240.491174554,-298.704273496,-216.605549515,4627.79048329,
0.856907386998
239417.286925,-280908.022358,747993.162472,-2440772444.37,239.957252447,-300.062723601,-215.483831249,4216.64099819,
0.856842981035
230573.323768,-270555.317332,720400.221355,-2350775997.58,239.749500441,-300.591303952,-215.047364549,4056.66048933,
0.856902975336
238802.430455,-280188.274034,746074.825856,-2434515645.63,239.94280896,-300.099471951,-215.453486892,4205.51871634,
0.856912502581
241118.1395,-282899.033028,753299.779442,-2458080373.59,239.99720688,-299.961068129,-215.567771616,4247.40811647,
0.856895676648
243006.789649,-285109.878724,759192.320084,-2477299336.81,240.041572834,-299.848188491,-215.660980156,4281.57234878,
0.856914982151
240486.274505,-282159.374597,751328.376656,-2451650495.56,239.982363849,-299.998833033,-215.536587855,4235.97816344,
0.856914982151
240486.274505,-282159.374597,751328.376656,-2451650495.56,239.982363849,-299.998833033,-215.536587855,4235.97816344,
0.856914982318
240487.274505,-282159.374597,751328.376656,-2451650495.56,239.982363849,-299.998833033,-215.536587855,4235.97816344,
0.856914982588
240488.892539,-282159.374597,751328.376656,-2451650495.56,239.982363849,-299.998833033,-215.536587855,4235.97816344,
0.856915011997
240665.258245,-282159.374597,751328.376656,-2451650495.56,239.982363849,-299.998833033,-215.536587855,4235.97816344,
0.856915059582
240950.623954,-282159.374597,751328.376656,-2451650495.56,239.982363849,-299.998833033,-215.536587855,4235.97816344,
0.856920238288
272055.486207,-282159.374597,751328.376656,-2451650495.56,239.982363849,-299.998833033,-215.536587855,4235.97816344,
0.857458920847
3662485.47177,-282159.374597,751328.376656,-2451650495.56,239.982363849,-299.998833033,-215.536587855,4235.97816344,
0.859433646741
37691625.0021,-282159.374597,751328.376656,-2451650495.56,239.982363849,-299.998833033,-215.536587855,4235.97816344,
0.845565784845
92751929.7528,-282159.374597,751328.376656,-2451650495.56,239.982363849,-299.998833033,-215.536587855,4235.97816344,
0.859433646741
37691625.0021,-282159.374597,751328.376656,-2451650495.56,239.982363849,-299.998833033,-215.536587855,4235.97816344,
0.855936515561
58722789.3665,-282159.374597,751328.376656,-2451650495.56,239.982363849,-299.998833033,-215.536587855,4235.97816344,
0.860072453059
24693650.6922,-282159.374597,751328.376656,-2451650495.56,239.982363849,-299.998833033,-215.536587855,4235.97816344,
0.860037566385
24053897.7993,-282159.374597,751328.376656,-2451650495.56,239.982363849,-299.998833033,-215.536587855,4235.97816344,
0.860054199001
27960286.5987,-282159.374597,751328.376656,-2451650495.56,239.982363849,-299.998833033,-215.536587855,4235.97816344,
0.860106507643
25941394.5429,-282159.374597,751328.376656,-2451650495.56,239.982363849,-299.998833033,-215.536587855,4235.97816344,
0.860104555296
26198403.6256,-282159.374597,751328.376656,-2451650495.56,239.982363849,-299.998833033,-215.536587855,4235.97816344,
0.860109487938
25684385.4602,-282159.374597,751328.376656,-2451650495.56,239.982363849,-299.998833033,-215.536587855,4235.97816344,
0.860102780182
25305958.4638,-282159.374597,751328.376656,-2451650495.56,239.982363849,-299.998833033,-215.536587855,4235.97816344,
0.860109487938
25684385.4602,-282159.374597,751328.376656,-2451650495.56,239.982363849,-299.998833033,-215.536587855,4235.97816344,
0.860109488282
25684385.4602,-282158.374597,751328.376656,-2451650495.56,239.982363849,-299.998833033,-215.536587855,4235.97816344,
0.860109488839
25684385.4602,-282156.756563,751328.376656,-2451650495.56,239.982363849,-299.998833033,-215.536587855,4235.97816344,
0.86010948974
25684385.4602,-282154.138529,751328.376656,-2451650495.56,239.982363849,-299.998833033,-215.536587855,4235.97816344,
0.860109491198
25684385.4602,-282149.90246,751328.376656,-2451650495.56,239.982363849,-299.998833033,-215.536587855,4235.97816344,
0.860109493557
25684385.4602,-282143.048358,751328.376656,-2451650495.56,239.982363849,-299.998833033,-215.536587855,4235.97816344,
0.86010975068
25684385.4602,-281395.951223,751328.376656,-2451650495.56,239.982363849,-299.998833033,-215.536587855,4235.97816344,
0.860110166716
25684385.4602,-280187.122657,751328.376656,-2451650495.56,239.982363849,-299.998833033,-215.536587855,4235.97816344,
0.860110839875
25684385.4602,-278231.196938,751328.376656,-2451650495.56,239.982363849,-299.998833033,-215.536587855,4235.97816344,
0.860111929071
25684385.4602,-275066.442621,751328.376656,-2451650495.56,239.982363849,-299.998833033,-215.536587855,4235.97816344,
0.86011369143
25684385.4602,-269945.762536,751328.376656,-2451650495.56,239.982363849,-299.998833033,-215.536587855,4235.97816344,
0.860116542993
25684385.4602,-261660.328056,751328.376656,-2451650495.56,239.982363849,-299.998833033,-215.536587855,4235.97816344,
0.860121156544
25684385.4602,-248254.213361,751328.376656,-2451650495.56,239.982363849,-299.998833033,-215.536587855,4235.97816344,
0.860601834933
25684385.4602,1213012.28836,751328.376656,-2451650495.56,239.982363849,-299.998833033,-215.536587855,4235.97816344,
0.864671899044
25684385.4602,16448277.0349,751328.376656,-2451650495.56,239.982363849,-299.998833033,-215.536587855,4235.97816344,
0.868195574837
25684385.4602,41099453.3938,751328.376656,-2451650495.56,239.982363849,-299.998833033,-215.536587855,4235.97816344,
0.869791959182
25684385.4602,51725344.556,751328.376656,-2451650495.56,239.982363849,-299.998833033,-215.536587855,4235.97816344,
0.871306468779
25684385.4602,68918397.7368,751328.376656,-2451650495.56,239.982363849,-299.998833033,-215.536587855,4235.97816344,
0.871606832823
25684385.4602,80037487.9631,751328.376656,-2451650495.56,239.982363849,-299.998833033,-215.536587855,4235.97816344,
0.869841993666
25684385.4602,98028553.9984,751328.376656,-2451650495.56,239.982363849,-299.998833033,-215.536587855,4235.97816344,
0.871606832823
25684385.4602,80037487.9631,751328.376656,-2451650495.56,239.982363849,-299.998833033,-215.536587855,4235.97816344,
0.871233158347
25684385.4602,86909463.4924,751328.376656,-2451650495.56,239.982363849,-299.998833033,-215.536587855,4235.97816344,
0.871528152683
25684385.4602,75790373.5458,751328.376656,-2451650495.56,239.982363849,-299.998833033,-215.536587855,4235.97816344,
0.871626865247
25684385.4602,79234291.4898,751328.376656,-2451650495.56,239.982363849,-299.998833033,-215.536587855,4235.97816344,
0.871627597976
25684385.4602,78439126.9811,751328.376656,-2451650495.56,239.982363849,-299.998833033,-215.536587855,4235.97816344,
0.871589169094
25684385.4602,77427393.2264,751328.376656,-2451650495.56,239.982363849,-299.998833033,-215.536587855,4235.97816344,
0.871627597976
25684385.4602,78439126.9811,751328.376656,-2451650495.56,239.982363849,-299.998833033,-215.536587855,4235.97816344,
0.871627597989
25684385.4602,78439126.9811,751329.376656,-2451650495.56,239.982363849,-299.998833033,-215.536587855,4235.97816344,
0.87162759801
25684385.4602,78439126.9811,751330.99469,-2451650495.56,239.982363849,-299.998833033,-215.536587855,4235.97816344,
0.871627600289
25684385.4602,78439126.9811,751507.360396,-2451650495.56,239.982363849,-299.998833033,-215.536587855,4235.97816344,
0.871627848624
25684385.4602,78439126.9811,770731.22235,-2451650495.56,239.982363849,-299.998833033,-215.536587855,4235.97816344,
0.871546653523
25684385.4602,78439126.9811,2866132.17534,-2451650495.56,239.982363849,-299.998833033,-215.536587855,4235.97816344,
0.871627848624
25684385.4602,78439126.9811,770731.22235,-2451650495.56,239.982363849,-299.998833033,-215.536587855,4235.97816344,
0.87160913872
25684385.4602,78439126.9811,1571103.14276,-2451650495.56,239.982363849,-299.998833033,-215.536587855,4235.97816344,
0.871629651458
25684385.4602,78439126.9811,1076446.0833,-2451650495.56,239.982363849,-299.998833033,-215.536587855,4235.97816344,
0.871631418963
25684385.4602,78439126.9811,973412.456186,-2451650495.56,239.982363849,-299.998833033,-215.536587855,4235.97816344,
0.871630838573
25684385.4602,78439126.9811,949513.651227,-2451650495.56,239.982363849,-299.998833033,-215.536587855,4235.97816344,
0.871632038639
25684385.4602,78439126.9811,998656.559805,-2451650495.56,239.982363849,-299.998833033,-215.536587855,4235.97816344,
0.871631662033
25684385.4602,78439126.9811,1028369.51294,-2451650495.56,239.982363849,-299.998833033,-215.536587855,4235.97816344,
0.871632175607
25684385.4602,78439126.9811,1004156.11416,-2451650495.56,239.982363849,-299.998833033,-215.536587855,4235.97816344,
0.871632306949
25684385.4602,78439126.9811,1009429.76065,-2451650495.56,239.982363849,-299.998833033,-215.536587855,4235.97816344,
0.871632140055
25684385.4602,78439126.9811,1016664.10207,-2451650495.56,239.982363849,-299.998833033,-215.536587855,4235.97816344,
0.871632327579
25684385.4602,78439126.9811,1012010.77449,-2451650495.56,239.982363849,-299.998833033,-215.536587855,4235.97816344,
0.871632327579
25684385.4602,78439126.9811,1012010.77449,-2451650495.56,239.982363849,-299.998833033,-215.536587855,4235.97816344,
0.871631853796
25684385.4602,78439126.9811,1012010.77449,-2451650495.56,239.982363849,-299.998833033,-215.536587855,4236.97816344,
0.871633092847
25684385.4602,78439126.9811,1012010.77449,-2451650495.56,239.982363849,-299.998833033,-215.536587855,4234.36012944,
0.871590095608
25684385.4602,78439126.9811,1012010.77449,-2451650495.56,239.982363849,-299.998833033,-215.536587855,4057.99442344,
0.871633092847
25684385.4602,78439126.9811,1012010.77449,-2451650495.56,239.982363849,-299.998833033,-215.536587855,4234.36012944,
0.871666687235
25684385.4602,78439126.9811,1012010.77449,-2451650495.56,239.982363849,-299.998833033,-215.536587855,4166.99442619,
0.871654017568
25684385.4602,78439126.9811,1012010.77449,-2451650495.56,239.982363849,-299.998833033,-215.536587855,4125.36013114,
0.871666583709
25684385.4602,78439126.9811,1012010.77449,-2451650495.56,239.982363849,-299.998833033,-215.536587855,4166.30458881,
0.871661658219
25684385.4602,78439126.9811,1012010.77449,-2451650495.56,239.982363849,-299.998833033,-215.536587855,4186.56931189,
0.871666884049
25684385.4602,78439126.9811,1012010.77449,-2451650495.56,239.982363849,-299.998833033,-215.536587855,4174.47136698,
0.87166737173
25684385.4602,78439126.9811,1012010.77449,-2451650495.56,239.982363849,-299.998833033,-215.536587855,4171.60146663,
0.871667276803
25684385.4602,78439126.9811,1012010.77449,-2451650495.56,239.982363849,-299.998833033,-215.536587855,4170.95769967,
0.871667466422
25684385.4602,78439126.9811,1012010.77449,-2451650495.56,239.982363849,-299.998833033,-215.536587855,4172.2452336,
0.871667473098
25684385.4602,78439126.9811,1012010.77449,-2451650495.56,239.982363849,-299.998833033,-215.536587855,4173.09554086,
0.871667204004
25684385.4602,78439126.9811,1012010.77449,-2451650495.56,239.982363849,-299.998833033,-215.536587855,4173.72436709,
0.871667473098
25684385.4602,78439126.9811,1012010.77449,-2451650495.56,239.982363849,-299.998833033,-215.536587855,4173.09554086,
0.87164975332
25684385.4602,78439126.9811,1012010.77449,-2451650495.56,240.982363849,-299.998833033,-215.536587855,4173.09554086,
0.87169348105
25684385.4602,78439126.9811,1012010.77449,-2451650495.56,238.364329849,-299.998833033,-215.536587855,4173.09554086,
0.8719059327
25684385.4602,78439126.9811,1012010.77449,-2451650495.56,226.39016134,-299.998833033,-215.536587855,4173.09554086,
0.872394698045
25684385.4602,78439126.9811,1012010.77449,-2451650495.56,207.015549571,-299.998833033,-215.536587855,4173.09554086,
0.873488595428
25684385.4602,78439126.9811,1012010.77449,-2451650495.56,175.666768991,-299.998833033,-215.536587855,4173.09554086,
0.874043583665
25684385.4602,78439126.9811,1012010.77449,-2451650495.56,124.943376155,-299.998833033,-215.536587855,4173.09554086,
0.874141337247
25684385.4602,78439126.9811,1012010.77449,-2451650495.56,131.560203867,-299.998833033,-215.536587855,4173.09554086,
0.874141337247
25684385.4602,78439126.9811,1012010.77449,-2451650495.56,131.560203867,-299.998833033,-215.536587855,4173.09554086,
0.874215801627
25684385.4602,78439126.9811,1012010.77449,-2451650495.56,148.407412121,-299.998833033,-215.536587855,4173.09554086,
0.874007376232
25684385.4602,78439126.9811,1012010.77449,-2451650495.56,158.819559628,-299.998833033,-215.536587855,4173.09554086,
0.874224934453
25684385.4602,78439126.9811,1012010.77449,-2451650495.56,142.448992048,-299.998833033,-215.536587855,4173.09554086,
0.874222603023
25684385.4602,78439126.9811,1012010.77449,-2451650495.56,144.026336144,-299.998833033,-215.536587855,4173.09554086,
0.874230753699
25684385.4602,78439126.9811,1012010.77449,-2451650495.56,138.289845182,-299.998833033,-215.536587855,4173.09554086,
0.874202252164
25684385.4602,78439126.9811,1012010.77449,-2451650495.56,135.719351007,-299.998833033,-215.536587855,4173.09554086,
0.874228979475
25684385.4602,78439126.9811,1012010.77449,-2451650495.56,139.878497874,-299.998833033,-215.536587855,4173.09554086,
0.874225022073
25684385.4602,78439126.9811,1012010.77449,-2451650495.56,137.272919995,-299.998833033,-215.536587855,4173.09554086,
0.874230753699
25684385.4602,78439126.9811,1012010.77449,-2451650495.56,138.289845182,-299.998833033,-215.536587855,4173.09554086,
0.87421058088
25684385.4602,78439126.9811,1012010.77449,-2451650495.56,138.289845182,-298.998833033,-215.536587855,4173.09554086,
0.874259047096
25684385.4602,78439126.9811,1012010.77449,-2451650495.56,138.289845182,-301.616867033,-215.536587855,4173.09554086,
0.874349955891
25684385.4602,78439126.9811,1012010.77449,-2451650495.56,138.289845182,-309.32804653,-215.536587855,4173.09554086,
0.874496463088
25684385.4602,78439126.9811,1012010.77449,-2451650495.56,138.289845182,-321.804997137,-215.536587855,4173.09554086,
0.853946689647
25684385.4602,78439126.9811,1012010.77449,-2451650495.56,138.289845182,-1681.79261325,-215.536587855,4173.09554086,
0.874496463088
25684385.4602,78439126.9811,1012010.77449,-2451650495.56,138.289845182,-321.804997137,-215.536587855,4173.09554086,
0.870062239024
25684385.4602,78439126.9811,1012010.77449,-2451650495.56,138.289845182,-841.274026912,-215.536587855,4173.09554086,
0.874959342844
25684385.4602,78439126.9811,1012010.77449,-2451650495.56,138.289845182,-520.224504564,-215.536587855,4173.09554086,
0.875235499828
25684385.4602,78439126.9811,1012010.77449,-2451650495.56,138.289845182,-455.468786465,-215.536587855,4173.09554086,
0.875231785651
25684385.4602,78439126.9811,1012010.77449,-2451650495.56,138.289845182,-444.646333075,-215.536587855,4173.09554086,
0.875234544309
25684385.4602,78439126.9811,1012010.77449,-2451650495.56,138.289845182,-452.872121626,-215.536587855,4173.09554086,
0.875219951782
25684385.4602,78439126.9811,1012010.77449,-2451650495.56,138.289845182,-480.203269084,-215.536587855,4173.09554086,
0.875237455229
25684385.4602,78439126.9811,1012010.77449,-2451650495.56,138.289845182,-464.916517853,-215.536587855,4173.09554086,
0.875236782363
25684385.4602,78439126.9811,1012010.77449,-2451650495.56,138.289845182,-467.933935439,-215.536587855,4173.09554086,
0.875237633257
25684385.4602,78439126.9811,1012010.77449,-2451650495.56,138.289845182,-463.192804378,-215.536587855,4173.09554086,
0.875237553527
25684385.4602,78439126.9811,1012010.77449,-2451650495.56,138.289845182,-461.560864664,-215.536587855,4173.09554086,
0.875237633257
25684385.4602,78439126.9811,1012010.77449,-2451650495.56,138.289845182,-463.192804378,-215.536587855,4173.09554086,
0.875238139562
25684385.4602,78439126.9811,1012010.77449,-2451650495.56,138.289845182,-463.192804378,-214.536587855,4173.09554086,
0.875238714652
25684385.4602,78439126.9811,1012010.77449,-2451650495.56,138.289845182,-463.192804378,-212.918553855,4173.09554086,
0.875239201322
25684385.4602,78439126.9811,1012010.77449,-2451650495.56,138.289845182,-463.192804378,-210.64393366,4173.09554086,
0.875239958336
25684385.4602,78439126.9811,1012010.77449,-2451650495.56,138.289845182,-463.192804378,-206.963520848,4173.09554086,
0.874963480821
25684385.4602,78439126.9811,1012010.77449,-2451650495.56,138.289845182,-463.192804378,-134.744492215,4173.09554086,
0.875239958336
25684385.4602,78439126.9811,1012010.77449,-2451650495.56,138.289845182,-463.192804378,-206.963520848,4173.09554086,
0.875240149793
25684385.4602,78439126.9811,1012010.77449,-2451650495.56,138.289845182,-463.192804378,-179.378307357,4173.09554086,
0.875187719686
25684385.4602,78439126.9811,1012010.77449,-2451650495.56,138.289845182,-463.192804378,-162.329707523,4173.09554086,
0.875242974571
25684385.4602,78439126.9811,1012010.77449,-2451650495.56,138.289845182,-463.192804378,-193.120661485,4173.09554086,
0.875243010594
25684385.4602,78439126.9811,1012010.77449,-2451650495.56,138.289845182,-463.192804378,-192.896502221,4173.09554086,
0.87524345699
25684385.4602,78439126.9811,1012010.77449,-2451650495.56,138.289845182,-463.192804378,-190.042849993,4173.09554086,
0.875244054986
25684385.4602,78439126.9811,1012010.77449,-2451650495.56,138.289845182,-463.192804378,-185.969357301,4173.09554086,
0.875243664519
25684385.4602,78439126.9811,1012010.77449,-2451650495.56,138.289845182,-463.192804378,-183.451800318,4173.09554086,
0.875243993433
25684385.4602,78439126.9811,1012010.77449,-2451650495.56,138.289845182,-463.192804378,-186.403618985,4173.09554086,
0.875244123476
25684385.4602,78439126.9811,1012010.77449,-2451650495.56,138.289845182,-463.192804378,-185.481737556,4173.09554086,
0.875244231021
25684385.4602,78439126.9811,1012010.77449,-2451650495.56,138.289845182,-463.192804378,-184.706370549,4173.09554086,
0.875244296651
25684385.4602,78439126.9811,1012010.77449,-2451650495.56,138.289845182,-463.192804378,-184.227167376,4173.09554086,
0.875244065358
25684385.4602,78439126.9811,1012010.77449,-2451650495.56,138.289845182,-463.192804378,-183.914073171,4173.09554086,
0.875244296651
25684385.4602,78439126.9811,1012010.77449,-2451650495.56,138.289845182,-463.192804378,-184.227167376,4173.09554086,
0.872761657495
25746940.0946,78365900.7967,1207179.64977,-3088208419.0,139.759305258,-459.454078877,-187.314359662,5304.6608875,
0.865837140913
25583169.935,78557609.4373,696220.898551,-1421678132.46,135.912208816,-469.242189355,-179.231985293,2342.18433678,
0.875244296651
25684385.4602,78439126.9811,1012010.77449,-2451650495.56,138.289845182,-463.192804378,-184.227167376,4173.09554086,
0.874881302376
25645724.5709,78484383.251,891389.778739,-2058236071.92,137.38166893,-465.50346376,-182.319177657,3473.74971189,
0.874401051422
25708279.2037,78411157.0684,1086558.64911,-2694793979.34,138.851128969,-461.764738353,-185.406369865,4605.31503006,
0.875328431987
25671627.6264,78454061.2462,972206.656119,-2321826378.37,137.990153119,-463.955306453,-183.597543585,3942.31611489,
0.875319556549
25672662.9,78452849.3594,975436.683417,-2332361354.64,138.014472551,-463.893430883,-183.648636339,3961.0434194,
0.875417506886
25661733.5399,78465643.2211,941337.356734,-2221143843.37,137.757732847,-464.546649907,-183.109251265,3763.3396802,
0.875288090319
25655618.6581,78472801.2753,922259.080157,-2158918613.54,137.614089217,-464.912120267,-182.807470009,3652.72615836,
0.875376691007
25665512.7446,78461219.3004,953128.379543,-2259601148.54,137.846509489,-464.320776813,-183.295762329,3831.70259305,
0.875365992723
25659397.863,78468377.3544,934050.103743,-2197375921.24,137.702865864,-464.686247159,-182.993981086,3721.08907572,
0.875407956326
25662618.112,78464607.7448,944097.199272,-2230145276.79,137.778512177,-464.493781366,-183.15290661,3779.34091079,
0.875399365928
25660841.3907,78466687.567,938553.873858,-2212065305.23,137.736775525,-464.599971311,-183.065221976,3747.20138581,
0.875417341767
25661960.0591,78465378.0587,942044.090913,-2223448909.9,137.76305397,-464.533111452,-183.120430426,3767.43723882,
0.875412846695
25661507.0207,78465908.3835,940630.622554,-2218838776.85,137.752411724,-464.560188362,-183.098072104,3759.24212158,
0.852115900446
51145535.4397,157140219.632,1326515.21209,-2627195114.63,37.0025619213,-625.35574128,-153.769106961,4422.26654359,
0.875417506886
25661733.5399,78465643.2211,941337.356734,-2221143843.37,137.757732847,-464.546649907,-183.109251265,3763.3396802,
0.875417506594
25661734.5399,78465643.2211,941337.356734,-2221143843.37,137.757732847,-464.546649907,-183.109251265,3763.3396802,
0.875417507359
25661731.9219,78465643.2211,941337.356734,-2221143843.37,137.757732847,-464.546649907,-183.109251265,3763.3396802,
0.875417558872
25661555.5562,78465643.2211,941337.356734,-2221143843.37,137.757732847,-464.546649907,-183.109251265,3763.3396802,
0.875423173096
25642331.6942,78465643.2211,941337.356734,-2221143843.37,137.757732847,-464.546649907,-183.109251265,3763.3396802,
0.875890104867
23546930.7412,78465643.2211,941337.356734,-2221143843.37,137.757732847,-464.546649907,-183.109251265,3763.3396802,
0.876397231049
21190291.9034,78465643.2211,941337.356734,-2221143843.37,137.757732847,-464.546649907,-183.109251265,3763.3396802,
0.87718275814
17377170.1381,78465643.2211,941337.356734,-2221143843.37,137.757732847,-464.546649907,-183.109251265,3763.3396802,
0.868370561555
-49912024.7489,78465643.2211,941337.356734,-2221143843.37,137.757732847,-464.546649907,-183.109251265,3763.3396802,
0.87718275814
17377170.1381,78465643.2211,941337.356734,-2221143843.37,137.757732847,-464.546649907,-183.109251265,3763.3396802,
0.877737291922
-8325014.47611,78465643.2211,941337.356734,-2221143843.37,137.757732847,-464.546649907,-183.109251265,3763.3396802,
0.875619927927
-24209838.442,78465643.2211,941337.356734,-2221143843.37,137.757732847,-464.546649907,-183.109251265,3763.3396802,
0.878122953853
1629281.25904,78465643.2211,941337.356734,-2221143843.37,137.757732847,-464.546649907,-183.109251265,3763.3396802,
0.878131595268
1869605.78184,78465643.2211,941337.356734,-2221143843.37,137.757732847,-464.546649907,-183.109251265,3763.3396802,
0.878211846438
7792968.10875,78465643.2211,941337.356734,-2221143843.37,137.757732847,-464.546649907,-183.109251265,3763.3396802,
0.878238238734
6694534.72202,78465643.2211,941337.356734,-2221143843.37,137.757732847,-464.546649907,-183.109251265,3763.3396802,
0.87824588022
5701127.56885,78465643.2211,941337.356734,-2221143843.37,137.757732847,-464.546649907,-183.109251265,3763.3396802,
0.878248124067
5900733.62856,78465643.2211,941337.356734,-2221143843.37,137.757732847,-464.546649907,-183.109251265,3763.3396802,
0.878247170163
6098343.62767,78465643.2211,941337.356734,-2221143843.37,137.757732847,-464.546649907,-183.109251265,3763.3396802,
0.878248124067
5900733.62856,78465643.2211,941337.356734,-2221143843.37,137.757732847,-464.546649907,-183.109251265,3763.3396802,
0.878248124221
5900733.62856,78465644.2211,941337.356734,-2221143843.37,137.757732847,-464.546649907,-183.109251265,3763.3396802,
0.878248124471
5900733.62856,78465645.8391,941337.356734,-2221143843.37,137.757732847,-464.546649907,-183.109251265,3763.3396802,
0.878248151657
5900733.62856,78465822.2048,941337.356734,-2221143843.37,137.757732847,-464.546649907,-183.109251265,3763.3396802,
0.878248195646
5900733.62856,78466107.5705,941337.356734,-2221143843.37,137.757732847,-464.546649907,-183.109251265,3763.3396802,
0.878248266821
5900733.62856,78466569.3019,941337.356734,-2221143843.37,137.757732847,-464.546649907,-183.109251265,3763.3396802,
0.878248381984
5900733.62856,78467316.3991,941337.356734,-2221143843.37,137.757732847,-464.546649907,-183.109251265,3763.3396802,
0.878248568323
5900733.62856,78468525.2276,941337.356734,-2221143843.37,137.757732847,-464.546649907,-183.109251265,3763.3396802,
0.878248869827
5900733.62856,78470481.1534,941337.356734,-2221143843.37,137.757732847,-464.546649907,-183.109251265,3763.3396802,
0.878249357672
5900733.62856,78473645.9077,941337.356734,-2221143843.37,137.757732847,-464.546649907,-183.109251265,3763.3396802,
0.878250141024
5900733.62856,78478766.5878,941337.356734,-2221143843.37,137.757732847,-464.546649907,-183.109251265,3763.3396802,
0.878321221609
5900733.62856,79017378.0327,941337.356734,-2221143843.37,137.757732847,-464.546649907,-183.109251265,3763.3396802,
0.878425753689
5900733.62856,79888869.6635,941337.356734,-2221143843.37,137.757732847,-464.546649907,-183.109251265,3763.3396802,
0.879034856524
5900733.62856,86486472.3061,941337.356734,-2221143843.37,137.757732847,-464.546649907,-183.109251265,3763.3396802,
0.879731794389
5900733.62856,97161617.7003,941337.356734,-2221143843.37,137.757732847,-464.546649907,-183.109251265,3763.3396802,
0.878246725213
5900733.62856,112679144.963,941337.356734,-2221143843.37,137.757732847,-464.546649907,-183.109251265,3763.3396802,
0.879731794389
5900733.62856,97161617.7003,941337.356734,-2221143843.37,137.757732847,-464.546649907,-183.109251265,3763.3396802,
0.879258191168
5900733.62856,103088785.519,941337.356734,-2221143843.37,137.757732847,-464.546649907,-183.109251265,3763.3396802,
0.879689151725
5900733.62856,93084075.1146,941337.356734,-2221143843.37,137.757732847,-464.546649907,-183.109251265,3763.3396802,
0.879738756219
5900733.62856,95701789.41,941337.356734,-2221143843.37,137.757732847,-464.546649907,-183.109251265,3763.3396802,
0.879737951589
5900733.62856,96021779.6545,941337.356734,-2221143843.37,137.757732847,-464.546649907,-183.109251265,3763.3396802,
0.879744521681
5900733.62856,95226098.0357,941337.356734,-2221143843.37,137.757732847,-464.546649907,-183.109251265,3763.3396802,
0.879728038676
5900733.62856,94407918.1086,941337.356734,-2221143843.37,137.757732847,-464.546649907,-183.109251265,3763.3396802,
0.879739429629
5900733.62856,94913581.1217,941337.356734,-2221143843.37,137.757732847,-464.546649907,-183.109251265,3763.3396802,
0.879742317856
5900733.62856,95393702.5839,941337.356734,-2221143843.37,137.757732847,-464.546649907,-183.109251265,3763.3396802,
0.879744521681
5900733.62856,95226098.0357,941337.356734,-2221143843.37,137.757732847,-464.546649907,-183.109251265,3763.3396802,
0.879744521646
5900733.62856,95226098.0357,941338.356734,-2221143843.37,137.757732847,-464.546649907,-183.109251265,3763.3396802,
0.879744521738
5900733.62856,95226098.0357,941335.7387,-2221143843.37,137.757732847,-464.546649907,-183.109251265,3763.3396802,
0.879744521831
5900733.62856,95226098.0357,941333.120666,-2221143843.37,137.757732847,-464.546649907,-183.109251265,3763.3396802,
0.879744531908
5900733.62856,95226098.0357,941047.754957,-2221143843.37,137.757732847,-464.546649907,-183.109251265,3763.3396802,
0.879745620363
5900733.62856,95226098.0357,909942.892704,-2221143843.37,137.757732847,-464.546649907,-183.109251265,3763.3396802,
0.879743299008
5900733.62856,95226098.0357,-786049.961547,-2221143843.37,137.757732847,-464.546649907,-183.109251265,3763.3396802,
0.879745620363
5900733.62856,95226098.0357,909942.892704,-2221143843.37,137.757732847,-464.546649907,-183.109251265,3763.3396802,
0.879747764704
5900733.62856,95226098.0357,262131.286137,-2221143843.37,137.757732847,-464.546649907,-183.109251265,3763.3396802,
0.879747496486
5900733.62856,95226098.0357,-138238.312316,-2221143843.37,137.757732847,-464.546649907,-183.109251265,3763.3396802,
0.879747909818
5900733.62856,95226098.0357,150161.922403,-2221143843.37,137.757732847,-464.546649907,-183.109251265,3763.3396802,
0.879747964741
5900733.62856,95226098.0357,111085.137332,-2221143843.37,137.757732847,-464.546649907,-183.109251265,3763.3396802,
0.879748135555
5900733.62856,95226098.0357,15852.0565641,-2221143843.37,137.757732847,-464.546649907,-183.109251265,3763.3396802,
0.879747933569
5900733.62856,95226098.0357,-43005.2252754,-2221143843.37,137.757732847,-464.546649907,-183.109251265,3763.3396802,
